80
40 50
50 55
2 67
40 74
24 71
26 3
63 2
78 16
76 12
47 39
0 31
63 38
11 74
22 45
68 1
2 21
43 6
75 72
9 51
56 35
55 51
44 17
11 58
19 10
72 50
47 58
45 61
12 58
60 22
32 64
41 72
45 55
57 27
0 23
49 11
41 56
71 77
60 73
38 27
46 77
45 8
65 41
40 31
7 60
49 51
27 8
72 2
13 18
65 56
47 17
71 21
26 33
78 24
29 71
13 26
15 51
55 65
65 45
31 27
13 44
0 71
44 46
72 7
63 27
75 51
65 37
67 8
7 24
50 74
16 13
76 77
22 48
73 34
43 28
64 30
49 12
28 38
22 1
49 23
19 25
25 42
59 43
15 71
18 47
52 3
50 10
17 33
57 65
16 18
43 18
2 27
22 46
42 17
9 57
46 77
63 24
50 75
24 16
29 43
52 70
1 28
1 65
75 23
53 28
21 9
4 17
49 20
43 4
20 62
77 32
26 34
9 70
5 57
14 36
31 36
32 68
34 45
61 5
50 4
35 8
37 24
23 47
60 32
64 33
15 41
76 28
78 6
0 66
76 63
21 5
38 70
42 51
61 65
17 70
20 46
62 43
3 63
25 73
2 13
42 41
18 8
51 67
30 6
11 45
28 16
67 51
77 66
5 8
66 72
72 21
8 66
6 37
14 61
33 29
2 26
40 63
37 43
48 37
67 3
25 46
67 44
64 55
73 5
61 12
8 3
19 34
21 10
8 6
74 38
61 9
27 65
77 54
46 62
70 75
75 73
28 60
73 54
1 72
49 48
26 18
1 5
34 13
63 45
35 23
60 25
28 8
3 63
77 15
51 38
0 6
67 72
57 6
68 34
56 39
30 79
78 41
38 11
7 21
31 25
64 16
3 36
28 13
25 37
62 73
52 25
31 38
40 51
63 6
23 47
77 76
39 79
52 36
8 15
45 61
66 54
54 74
24 69
17 23
76 72
11 37
67 69
36 25
32 78
12 45
2 27
49 55
64 44
41 18
52 44
37 78
7 8
37 29
53 15
30 6
29 31
61 3
25 11
67 53
68 12
75 76
26 78
41 65
36 75
71 40
77 31
20 79
78 19
57 61
24 31
57 15
51 31
3 79
25 78
11 44
12 65
20 63
78 26
36 49
77 78
58 19
44 76
76 72
31 9
52 76
31 36
59 16
26 24
59 23
19 23
42 28
69 33
24 43
50 71
68 44
74 26
31 49
16 67
62 28
52 18
45 25
68 61
65 73
71 67
14 53
70 32
6 24
37 34
54 61
45 32
8 33
53 59
41 7
71 19
24 78
75 54
2 30
27 55
13 39
52 25
50 35
39 77
55 78
59 51
41 20
60 76
60 21
14 26
0 67
44 14
77 48
75 49
15 10
46 60
25 72
58 55
55 57
44 69
74 15
73 79
43 61
22 56
31 20
0 41
77 18
63 59
48 27
38 74
2 3
18 45
41 74
66 71
61 29
64 1
7 29
74 13
68 42
46 33
31 3
12 61
8 28
23 55
46 7
32 71
9 58
44 69
37 55
10 45
62 64
4 58
59 79
75 41
77 8
68 33
66 44
35 55
32 65
50 32
46 42
16 69
53 61
15 53
36 24
47 58
3 49
4 67
67 68
50 34
32 20
51 1
9 4
37 36
70 35
67 27
63 79
73 54
54 48
9 31
41 4
35 6
77 3
29 49
78 21
42 71
33 52
13 46
47 37
1 78
73 12
66 37
63 41
26 37
20 33
51 2
69 43
46 18
70 39
25 20
67 35
4 78
36 49
36 25
10 69
42 58
2 61
15 26
3 17
49 39
19 76
28 79
44 38
74 33
39 37
68 45
7 22
71 5
6 17
63 1
38 69
4 51
51 77
8 5
35 56
73 11
74 22
10 18
44 42
66 64
21 3
42 56
13 73
21 15
77 42
55 37
69 48
46 75
10 18
15 62
66 47
77 38
58 38
39 3
36 67
61 4
72 66
2 20
65 71
4 22
38 30
23 11
5 40
15 77
21 57
5 79
14 72
41 22
8 65
19 50
27 76
8 32
48 55
56 27
65 62
35 7
56 59
33 39
61 50
67 13
4 56
28 40
22 68
16 9
65 13
25 8
44 42
5 24
48 34
72 36
66 63
55 40
35 46
7 65
4 26
52 60
58 74
49 73
58 67
54 22
69 40
59 41
52 61
3 32
33 46
13 59
65 31
70 21
35 42
28 30
12 63
47 23
73 63
44 6
17 42
19 30
10 25
46 33
70 35
54 78
42 78
74 59
40 8
17 20
17 55
21 24
27 7
39 48
16 1
17 39
75 73
3 46
75 72
20 78
25 1
13 2
70 63
9 12
26 53
10 47
59 5
77 22
8 78
23 59
0 27
58 36
17 38
66 25
55 34
14 24
17 52
35 2
39 6
22 67
75 17
42 62
34 22
61 26
44 73
60 16
28 31
73 24
22 76
61 51
37 6
42 54
8 56
72 21
63 55
6 59
13 30
21 37
15 47
72 16
52 48
12 75
68 30
75 37
75 54
42 76
42 11
50 72
42 73
6 59
58 52
46 74
52 45
57 39
60 7
63 10
22 50
21 45
21 60
62 22
30 7
71 46
52 40
38 73
69 35
72 29
45 53
34 69
31 22
58 8
30 6
54 11
24 32
17 78
37 68
32 3
65 10
61 2
64 22
28 24
62 63
4 9
5 57
31 63
34 46
34 50
72 20
18 27
0 6
57 45
38 66
72 53
51 49
76 59
26 72
0 40
54 72
24 38
71 78
28 61
74 13
72 40
27 41
62 25
10 43
5 66
45 4
76 70
60 18
42 31
66 29
11 23
39 42
39 74
20 66
57 70
58 6
0 12
14 35
69 78
13 14
52 23
50 43
31 63
63 58
47 70
36 25
19 50
3 31
32 79
4 67
35 58
49 4
21 74
31 66
75 32
55 60
23 40
2 77
5 13
67 29
51 74
5 68
43 8
20 9
15 50
2 66
64 35
5 43
14 49
52 59
25 66
53 14
59 16
22 65
62 58
29 13
27 55
44 36
50 62
51 1
0 33
28 41
36 37
23 36
50 49
27 59
67 20
2 6
64 41
55 53
28 43
15 45
65 73
16 11
5 15
61 13
63 47
68 60
66 1
56 77
72 19
12 28
64 23
13 52
18 75
74 67
3 30
31 11
76 70
67 56
28 18
11 52
53 58
30 74
47 18
38 37
65 69
78 69
66 20
63 20
9 19
68 57
46 61
60 58
19 34
37 65
63 30
65 24
42 62
58 68
16 65
40 22
77 68
52 58
50 63
35 60
68 44
76 69
11 47
74 14
15 24
60 76
65 20
63 16
0 4
71 78
61 49
68 35
30 6
39 27
75 57
10 73
2 66
10 77
71 54
45 61
33 55
67 55
35 52
11 1
15 18
2 24
69 63
27 30
21 37
18 51
75 49
33 31
78 13
60 40
58 37
69 30
29 17
45 67
6 61
3 29
31 48
18 6
62 22
5 64
67 41
42 44
5 63
58 54
50 61
73 49
32 55
51 59
62 20
1 33
25 4
3 1
56 10
51 36
67 77
38 41
32 9
1 35
54 6
40 8
31 41
8 44
20 12
19 77
15 25
57 19
9 74
72 40
61 7
54 19
4 10
53 45
20 13
76 72
26 64
19 40
19 6
20 35
26 7
76 15
20 77
5 74
31 20
5 78
39 5
21 44
10 44
71 44
54 18
35 21
76 29
62 63
75 23
41 37
1 28
14 47
66 49
43 18
33 53
55 37
20 61
25 21
69 14
78 24
47 76
11 15
1 57
32 79
67 2
36 28
33 30
36 27
15 52
51 77
29 51
67 41
70 5
12 11
66 71
68 76
42 9
47 23
7 75
4 60
6 14
3 5
34 15
7 71
54 35
78 44
33 55
34 4
67 56
23 61
25 27
75 52
39 17
44 15
1 37
36 39
5 77
56 4
67 18
42 27
58 36
5 2
10 77
29 15
46 13
38 74
52 22
6 15
13 62
49 74
43 14
72 62
65 36
7 61
65 16
1 7
73 56
32 36
39 48
8 73
35 42
14 73
65 11
66 11
24 38
74 34
4 35
53 19
14 25
21 4
52 61
58 17
52 78
74 75
34 79
5 2
37 69
24 34
18 72
31 79
14 29
61 16
68 45
68 27
51 22
33 17
35 70
29 74
62 13
51 40
29 30
53 34
38 41
52 41
65 35
12 75
5 46
63 61
68 17
3 59
22 7
25 26
27 12
52 79
45 47
76 16
24 4
63 62
71 18
0 47
35 78
70 79
72 47
64 55
37 56
69 34
61 62
18 12
35 67
12 47
56 53
24 42
76 34
73 56
24 53
21 15
5 72
54 15
77 9
5 63
27 55
68 52
56 62
56 64
73 74
47 7
4 78
13 3
62 50
50 18
13 33
64 19
48 45
28 45
67 52
23 1
34 44
73 27
75 70
29 14
22 72
6 30
27 43
23 10
24 12
46 35
46 47
61 23
32 43
9 49
40 27
78 8
55 14
4 23
47 2
41 73
24 65
60 78
16 44
56 28
27 1
57 41
78 9
10 38
49 27
63 24
18 55
5 1
60 37
62 19
12 44
40 59
66 56
70 66
35 23
27 15
0 26
39 38
50 73
54 61
73 56
31 45
42 71
69 46
30 44
27 21
64 20
64 8
26 36
53 35
7 70
76 59
64 34
77 17
31 13
32 9
67 15
49 19
36 27
14 4
5 77
61 28
30 25
46 53
24 52
28 57
8 22
11 74
32 49
11 4
38 1
32 9
61 73
77 58
24 72
73 3
43 56
52 40
48 35
66 8
58 32
3 18
10 34
2 75
73 45
19 57
51 47
70 38
14 73
49 57
13 2
22 72
6 11
1 76
47 14
60 6
30 68
7 25
59 17
55 21
62 69
38 3
11 4
73 32
54 12
53 70
72 28
61 22
38 76
40 13
19 51
33 58
7 55
46 43
76 50
36 4
14 3
6 41
77 56
21 8
31 36
37 73
34 8
19 36
54 63
68 6
35 3
23 16
64 79
5 4
71 44
55 67
9 16
75 76
5 41
3 37
32 58
9 2
6 10
32 49
65 4
25 33
43 13
0 25
41 4
36 33
37 26
67 52
44 55
2 74
2 36
78 54
22 77
36 63
3 66
5 25
38 13
21 45
35 67
18 12
27 59
21 71
3 69
5 35
38 44
67 58
78 68
15 63
57 47
32 1
53 23
14 6
51 79
44 17
14 29
72 44
72 49
23 42
10 21
64 21
24 38
60 47
74 45
18 48
76 7
14 28
56 52
20 29
9 31
44 63
25 78
68 48
35 57
9 30
28 66
49 42
56 75
1 60
70 54
27 36
30 64
66 57
55 39
62 16
40 16
38 18
43 15
24 76
70 10
72 9
37 2
77 50
48 41
68 39
52 72
60 70
63 70
53 69
2 14
13 43
29 33
57 14
36 73
9 16
60 27
73 11
36 54
43 27
19 58
55 49
2 11
27 17
25 15
34 41
50 45
39 42
5 6
50 52
47 44
74 62
26 15
10 35
43 37
6 18
16 66
24 15
24 63
3 49
77 71
77 41
36 72
65 2
44 11
19 77
8 11
21 49
50 23
60 7
45 20
3 17
37 79
22 43
50 79
43 14
53 57
13 29
65 62
12 67
13 61
60 10
44 60
25 17
6 4
58 75
51 72
30 23
33 37
75 57
61 44
18 26
7 75
63 23
50 10
10 19
70 19
64 74
36 75
51 71
24 3
39 68
50 42
34 78
70 77
29 78
28 7
6 36
24 64
64 68
40 9
11 78
9 49
60 56
43 51
4 41
75 24
61 18
44 6
47 72
73 10
21 34
16 15
60 57
40 33
32 17
17 30
23 53
2 35
59 23
5 30
32 44
64 69
72 36
51 55
37 5
61 78
62 44
39 69
45 73
8 24
10 68
50 31
55 53
78 53
5 16
61 27
78 20
55 65
13 66
20 10
75 1
73 59
43 52
51 5
6 10
28 49
48 72
64 47
21 37
26 40
26 41
6 9
54 2
36 53
53 72
38 29
17 58
4 16
77 20
57 72
76 61
5 52
46 42
78 70
46 18
22 19
72 3
18 52
27 5
70 33
31 44
66 53
1 69
26 4
56 32
61 20
55 75
45 49
33 6
36 56
69 4
18 57
53 63
62 63
28 3
46 37
61 1
9 14
47 23
56 55
53 43
4 32
20 61
15 32
33 64
18 47
45 48
71 5
50 49
17 73
67 63
33 9
20 3
70 65
18 19
47 10
7 18
67 55
28 64
36 31
64 4
19 65
4 62
13 76
1 28
78 23
7 56
34 53
14 30
78 48
6 68
13 70
61 69
19 63
33 77
49 24
68 30
4 7
59 22
70 64
11 17
18 75
0 61
62 79
52 27
21 34
10 31
47 70
76 67
42 47
45 77
40 11
6 44
45 71
12 79
37 9
69 47
50 46
17 48
64 27
72 51
41 64
48 2
28 23
25 74
53 32
31 8
46 74
2 19
21 47
31 69
56 72
26 58
63 61
53 68
72 10
67 27
8 5
36 76
58 66
54 73
22 77
15 30
21 25
71 59
75 53
73 40
22 79
36 18
30 37
38 2
2 20
43 49
20 76
38 69
17 69
73 59
36 43
38 51
3 47
1 71
68 52
75 9
19 48
32 61
22 71
72 25
50 52
74 62
3 75
10 14
28 33
8 37
53 27
3 56
64 21
19 8
71 23
27 62
48 71
37 8
24 68
26 29
4 3
10 73
65 32
3 9
16 11
37 32
71 49
57 3
77 54
34 1
22 49
69 3
56 15
52 63
41 46
53 26
38 6
33 67
77 31
57 45
72 30
40 68
51 75
1 40
40 71
63 42
75 27
4 8
2 30
16 52
52 9
0 75
68 25
36 70
57 9
64 12
27 1
68 51
3 73
35 69
43 51
16 22
65 28
35 34
33 79
45 23
13 4
57 26
54 79
43 17
68 36
3 9
1 70
52 68
59 60
20 55
34 68
62 70
43 5
14 78
32 33
72 6
49 32
30 54
13 22
50 76
51 74
9 44
54 48
9 27
42 10
55 1
69 49
50 29
20 14
64 56
14 8
61 41
59 49
55 63
65 60
10 2
2 46
17 55
48 27
59 47
77 79
71 37
21 41
3 52
4 16
44 76
6 14
55 53
15 35
61 11
68 24
70 64
51 50
61 36
58 1
68 37
50 66
60 28
43 22
22 19
36 59
13 20
49 38
55 18
61 7
16 42
21 53
57 56
62 25
0 69
56 39
32 60
63 62
26 8
18 26
23 70
8 68
33 27
61 69
46 29
46 45
71 29
36 6
67 55
51 22
23 11
24 21
41 17
18 37
9 10
75 28
39 75
65 31
38 31
70 45
72 23
42 49
10 39
69 75
33 31
46 27
61 68
44 36
33 32
16 38
76 52
44 20
54 55
62 36
25 2
31 77
25 31
51 29
73 50
18 64
52 16
54 30
36 46
52 16
12 75
54 48
73 18
22 31
26 56
28 73
45 10
41 72
7 48
7 75
27 51
43 61
2 76
48 60
37 50
19 44
3 5
2 38
51 53
70 49
24 59
37 63
66 62
24 47
50 34
28 52
43 72
46 5
29 72
62 39
