25
7 2
7 24
20 21
22 18
7 22
7 22
20 21
9 2
14 2
10 11
14 5
16 18
16 3
9 17
4 10
21 16
9 5
23 18
1 7
13 15
3 2
23 1
10 9
1 16
1 13
14 23
5 6
9 14
5 22
12 15
0 9
22 16
21 6
6 7
2 22
9 16
20 9
5 10
16 23
21 14
4 21
8 20
5 13
22 20
5 3
22 8
0 17
13 17
8 1
23 21
12 18
0 6
7 13
6 19
1 7
5 2
7 18
8 20
7 21
11 1
3 15
8 12
17 15
6 2
2 15
7 24
9 3
16 15
18 22
7 10
16 23
14 7
2 12
4 17
11 9
15 22
19 8
11 14
4 8
10 24
7 16
15 19
8 15
3 7
3 22
14 6
18 5
17 12
22 23
15 1
6 11
4 3
6 24
16 4
2 6
6 7
1 15
20 4
8 5
4 3
21 6
5 17
5 22
11 15
11 14
22 24
14 20
8 3
6 18
18 9
17 4
1 13
19 5
22 18
19 13
13 17
14 6
18 21
15 7
19 16
8 21
13 1
1 19
7 2
8 17
18 4
8 1
10 24
9 4
14 24
6 4
2 1
17 5
20 6
5 12
2 3
22 12
18 2
7 17
23 11
10 15
7 24
10 23
2 15
18 21
13 4
19 22
2 13
20 7
12 8
8 1
23 16
23 18
0 7
13 16
8 9
13 21
22 17
15 19
1 21
23 8
9 3
2 3
13 19
16 23
14 3
6 23
0 12
9 17
14 21
11 22
6 14
6 17
18 7
6 4
14 21
21 8
16 2
1 24
18 13
18 8
0 7
15 22
1 9
7 9
11 21
13 4
22 24
5 9
23 8
4 22
4 22
4 19
19 10
15 5
20 5
1 16
0 4
14 1
13 7
22 17
14 12
1 22
11 7
7 22
13 1
12 19
10 17
23 21
8 5
