40
14 29
11 23
18 23
23 29
31 2
34 3
9 36
0 12
7 36
7 8
13 23
0 36
19 35
26 2
20 31
33 14
11 36
2 19
13 12
35 28
13 36
28 4
27 31
37 39
31 21
33 23
10 18
23 10
36 4
35 18
27 15
17 28
10 24
25 21
21 24
21 31
26 18
7 30
28 24
0 9
21 19
17 10
35 1
30 15
11 32
16 27
23 22
25 29
28 36
19 1
9 32
6 29
17 15
10 13
29 33
36 23
22 3
8 11
15 38
12 28
9 22
3 25
16 15
7 14
21 25
31 30
27 38
3 10
33 16
24 21
12 23
21 30
18 4
22 8
9 14
20 9
16 15
0 24
21 20
25 39
8 15
12 2
6 30
5 26
22 2
8 7
4 9
25 17
2 14
31 12
25 30
1 33
2 4
19 34
27 2
26 6
11 23
2 15
32 25
24 22
3 6
16 36
12 22
24 8
32 35
4 39
12 39
8 13
7 10
37 11
18 37
25 31
14 35
9 20
30 19
6 39
27 5
9 13
2 25
31 4
1 19
9 31
37 35
13 11
4 10
37 10
23 35
24 31
8 15
28 26
37 25
18 29
18 14
1 2
14 5
21 24
17 2
33 13
33 1
9 11
36 12
9 31
19 22
34 1
29 37
21 24
11 36
2 26
28 4
17 14
10 20
38 7
11 17
30 5
34 25
4 23
3 39
29 5
31 11
17 18
9 35
32 18
8 7
30 27
1 32
13 30
31 1
16 20
28 5
5 33
12 30
32 11
3 26
30 26
18 29
6 23
2 14
13 19
1 17
1 17
37 36
14 17
8 22
24 16
11 7
33 3
15 8
32 13
36 24
20 3
22 25
36 34
36 15
25 30
6 1
2 7
31 28
36 29
2 29
6 34
4 10
22 30
20 32
14 19
20 9
2 13
9 29
31 5
14 21
31 5
24 27
32 36
5 14
2 36
31 34
14 23
7 6
17 35
28 12
22 12
6 29
24 16
19 8
21 23
9 13
5 25
25 23
6 32
0 8
38 26
1 10
17 24
9 2
38 34
23 26
36 15
3 23
10 9
24 6
8 24
17 35
30 8
28 3
30 13
12 9
20 37
31 5
11 7
29 8
16 34
34 23
0 4
28 24
0 31
7 2
26 13
37 15
9 39
6 24
2 33
22 17
3 36
34 35
2 1
26 2
35 36
22 2
27 39
32 8
10 3
12 24
21 23
3 4
18 25
33 31
5 38
4 14
33 18
34 13
30 13
22 4
29 4
38 17
15 33
15 7
6 34
17 14
38 11
29 20
7 33
37 7
27 37
30 14
0 2
1 18
10 15
5 39
35 33
14 27
32 35
17 7
9 25
10 7
10 3
35 30
15 27
0 36
27 1
23 3
1 39
7 26
38 20
26 8
29 35
10 22
38 25
36 34
20 3
14 26
26 7
36 28
32 22
13 33
9 33
38 36
27 5
9 35
26 39
17 27
16 28
13 22
23 21
31 24
1 34
2 35
28 12
33 7
21 4
24 22
0 30
36 39
15 9
7 27
36 26
23 15
34 13
24 6
36 33
23 35
36 30
1 7
0 32
4 25
1 29
20 8
23 6
36 32
2 14
33 26
0 6
38 11
4 20
1 20
10 25
11 29
27 32
24 20
0 28
0 34
25 20
28 15
34 20
4 30
9 37
18 19
9 8
5 36
0 4
9 4
2 32
10 19
8 2
16 17
27 8
20 32
24 1
24 31
4 14
35 11
36 6
18 34
30 1
15 1
16 37
14 11
35 6
9 36
37 24
3 2
19 39
6 1
28 27
20 37
30 7
27 2
4 35
23 30
22 6
9 27
13 15
23 10
29 18
34 31
33 31
12 5
30 36
9 5
0 12
19 5
16 25
16 32
30 15
25 22
3 24
8 14
11 9
1 32
35 34
14 15
27 22
17 7
4 12
37 5
2 24
31 22
30 35
7 35
37 33
28 37
33 14
30 13
35 2
25 28
3 21
28 21
24 26
14 29
7 36
27 16
32 24
6 33
11 17
29 7
7 21
7 6
18 5
24 1
29 3
22 2
20 28
8 20
37 21
11 39
11 14
19 21
12 36
31 15
27 8
20 11
32 4
37 29
27 37
1 26
22 14
7 8
18 7
36 6
37 33
20 34
16 2
33 15
8 6
37 15
25 2
1 22
27 35
27 7
25 4
37 26
8 17
10 17
5 20
25 10
4 9
27 19
30 17
20 11
24 22
37 39
19 15
3 23
37 35
26 19
17 24
32 20
25 34
31 28
13 9
1 17
20 2
15 5
26 22
36 38
36 28
1 24
29 30
5 34
25 20
5 24
7 18
10 2
22 28
6 10
8 18
38 23
30 5
5 35
6 13
24 32
1 18
10 32
27 33
8 4
26 32
15 22
36 15
35 11
32 11
32 11
21 30
28 10
2 21
29 13
18 15
20 2
12 11
27 22
34 14
29 31
1 31
7 35
12 17
8 17
2 4
29 11
37 34
1 39
30 23
36 39
10 30
29 3
22 4
7 37
24 6
26 29
22 36
35 2
0 31
0 5
2 29
