40
11 5
17 24
26 7
38 31
32 37
20 2
0 30
2 12
33 27
27 18
2 31
23 15
1 26
5 23
29 2
20 28
33 11
18 26
35 16
31 36
10 33
29 2
36 35
5 29
20 30
4 18
26 1
23 11
35 25
36 5
31 4
30 16
11 4
20 30
32 37
11 16
29 16
27 24
9 24
32 20
37 31
21 29
31 39
33 35
24 16
38 37
18 4
9 25
14 11
23 22
12 24
13 23
35 11
33 38
31 18
14 36
24 17
26 6
20 15
5 20
36 19
7 29
4 39
14 13
18 33
16 2
36 20
34 9
5 6
19 39
1 26
7 39
17 24
11 24
28 2
8 15
20 14
15 18
32 12
28 20
15 25
27 22
1 24
38 22
38 1
21 11
33 16
4 3
4 21
20 11
12 7
19 34
16 32
1 31
31 23
23 18
0 14
19 1
21 28
33 28
7 38
24 12
35 22
37 31
19 39
30 32
2 9
37 28
8 37
29 38
9 29
37 19
24 2
20 5
8 15
1 21
7 22
36 32
27 37
4 28
5 10
13 21
11 10
17 12
13 9
10 23
11 23
34 18
12 10
25 16
33 20
18 16
5 9
26 39
24 16
19 16
25 36
24 33
36 2
32 24
8 16
31 27
3 24
36 11
31 17
26 7
9 15
27 18
30 35
8 16
29 19
0 7
17 19
0 25
32 36
